nWalls:10
wall index:0
-2.488524,-0.8545836,-0.2315232
-2.513385,-0.8545836,-1.879898
-2.513385,1.145416,-1.879898
wall index:1
-9.531643,-0.8545836,-3.536182
-1.117256,-0.8545836,-3.842795
-1.117256,1.145416,-3.842795
wall index:2
-5.507931,-0.8545836,-0.4621505
-2.291899,-0.8545836,-0.05474679
-2.291899,1.145416,-0.05474679
wall index:3
-5.513561,-0.8545836,0.05305696
-5.690476,-0.8545836,-1.986006
-5.690476,1.145416,-1.986006
wall index:4
-9.65942,-0.8545836,-1.395294
-5.767691,-0.8545836,-2.328464
-5.767691,1.145416,-2.328464
wall index:5
-10.4869,-0.8545836,0.7610425
-8.901837,-0.8545836,-3.208129
-8.901837,1.145416,-3.208129
wall index:6
-6.984749,-0.8545836,3.590507
-6.991785,-0.8545836,-0.7404137
-6.991785,1.145416,-0.7404137
wall index:7
-10.15076,-0.8545836,3.052019
-6.88002,-0.8545836,2.752648
-6.88002,1.145416,2.752648
wall index:8
-8.226768,-0.8545836,3.933708
-7.525575,-0.8545836,2.352029
-7.525575,1.145416,2.352029
wall index:9
-9.6205,-0.8545836,3.666449
-10.98316,-0.8545836,1.266914
-10.98316,1.145416,1.266914
