nWalls:17
wall index:0
-1.875553, -0.4293787, 1.265702
0, 333.7035, 0
0.6245816, 3, 0.2
wall index:1
0.8261878, -0.4293787, 2.316677
0, 92.25227, 0
3.631081, 3, 0.2
wall index:2
0.7785091, -0.4293787, -2.483523
0, 96.97836, 0
0.8142998, 3, 0.2
wall index:3
-2.579171, -0.4293787, -1.995319
0, 1.01428, 0
0.5548255, 3, 0.2
wall index:4
-10.49437, -0.4293787, -0.1833943
0, 51.74393, 0
2.28089, 3, 0.2
wall index:5
-9.497491, -0.4293787, 3.564621
0, 40.16949, 0
1.42907, 3, 0.2
wall index:6
-9.656884, -0.4293787, 3.676283
0, 116.5683, 0
3.161763, 3, 0.2
wall index:7
-8.16853, -0.4293787, 3.952507
0, 67.45728, 0
1.785532, 3, 0.2
wall index:8
-8.77533, -0.4293787, 2.10147
0, 3.802156, 0
1.583468, 3, 0.2
wall index:9
-10.29948, -0.4293787, 2.859345
0, 4.318286, 0
3.472486, 3, 0.2
wall index:10
-6.984756, -0.4293787, 3.590507
0, 90.09325, 0
4.330916, 3, 0.2
wall index:11
-10.08134, -0.4293787, 1.644356
0, 80.07676, 0
5.051793, 3, 0.2
wall index:12
-7.674836, -0.4293787, -1.776693
0, 2.899077, 0
2.038198, 3, 0.2
wall index:13
-5.689043, -0.4293787, 0.03770554
0, 89.27, 0
1.973175, 3, 0.2
wall index:14
-5.629287, -0.4293787, -0.2415468
0, 357.0646, 0
3.331256, 3, 0.2
wall index:15
-9.617267, -0.4293787, -3.534695
0, 2.076637, 0
8.505481, 3, 0.2
wall index:16
-2.526231, -0.4293787, -0.1241165
0, 89.53471, 0
1.993647, 3, 0.2
